-1.641 -12.247
0.114 -4.129
0.34 -3.084
-0.187 -5.521
-1.319 -10.756
-0.937 -8.988
-1.848 -13.205
-0.392 -6.469
0.039 -4.478
0.934 -0.339
1.087 0.37
-0.095 -5.097
-0.525 -7.085
-0.312 -6.099
0.681 -1.507
0.601 -1.875
1.697 3.192
2.355 6.235
-0.84 -8.544
1.132 0.58
-0.928 -8.948
-0.08 -5.028
-0.18 -5.489
0.129 -4.061
-0.249 -5.808
-2.414 -15.822
-0.326 -6.163
-1.021 -9.379
-0.736 -8.059
-0.553 -7.215
-2.113 -14.428
-1.009 -9.325
1.887 4.07
0.443 -2.609
1.951 4.368
-0.148 -5.341
-0.503 -6.984
-0.128 -5.251
1.865 3.97
0.073 -4.319
1.283 1.279
-0.121 -5.216
0.711 -1.369
-0.031 -4.799
1.263 1.182
1.201 0.898
-0.786 -8.291
0.414 -2.741
-0.301 -6.05
-0.023 -4.761
